1.18885
1.18818
1.18201
1.17477
1.16993
1.16377
1.15793
1.15359
1.14994
1.14583
1.14192
1.1395
1.13665
1.13354
1.13135
1.1288
1.12655
1.12355
1.12188
1.11995
1.11785
1.11682
1.11528
1.11387
1.1128
1.11109
1.1091
1.10797
1.10703
1.10573
1.10444
1.10341
1.10266
1.10081
1.09978
1.09893
1.09835
1.09737
1.09636
1.09551
1.09468
1.09402
1.09366
1.09318
1.09239
1.09161
1.09091
1.0902
1.08952
1.08912
1.0886
1.08803
1.08775
1.08726
1.08708
1.08652
1.08625
1.08595
1.0857
1.08547
1.08516
1.08467
1.08442
1.08404
1.08413
1.08379
1.08384
1.08345
1.08299
1.08287
1.08279
1.08265
1.08221
1.08217
1.08133
1.08145
1.08124
1.08079
1.0808
1.08067
1.08046
1.08024
1.08006
1.07967
1.07964
1.07934
1.07854
1.07837
1.07823
1.07815
1.07767
1.07765
1.07754
1.07715
1.07668
1.07648
1.07644
1.07641
1.07608
1.07609
1.0762
1.07581
1.07582
1.07586
1.07577
1.07537
1.07546
1.07564
1.07558
1.07558
1.0757
1.07561
