1.17354
1.11622
1.09697
1.08631
1.0797
1.07482
1.0722
1.0707
1.06958
1.06758
1.06643
1.0644
1.06309
1.06229
1.0607
1.0605
1.06019
1.0585
1.05798
1.05748
1.05685
1.05586
1.0556
1.05599
1.05513
1.05393
1.05374
1.05412
1.0532
1.05349
1.05278
1.05278
1.05361
1.05311
1.05239
1.05243
1.0514
1.05159
1.05119
1.05132
1.05092
1.05136
1.05071
1.05069
1.05102
1.05014
1.05011
1.04996
1.04943
1.04901
1.049
1.04908
1.04891
1.0484
1.0484
1.04833
1.04812
1.04778
1.04688
1.04606
1.04632
1.04632
1.04732
1.04663
1.04605
1.04552
1.04548
1.0456
1.04591
1.04593
1.04548
1.04517
1.04483
1.04394
1.04446
1.04426
1.04452
1.04438
1.04378
1.04335
1.04408
1.04366
1.04372
1.04316
1.04338
1.04294
1.04281
1.04299
1.04391
1.043
1.04347
1.04306
1.04284
1.0428
1.04291
1.04291
1.04188
1.04267
1.04294
1.04372
1.04285
1.0422
1.04243
1.04242
1.04219
1.04199
1.04147
1.04311
1.04264
1.04255
1.04242
1.04159
1.0413
1.0413
1.04189
1.04123
1.04117
1.04132
1.04135
1.04154
1.04144
1.04122
1.04029
1.0401
1.04069
1.0409
1.0406
1.04066
1.04145
1.04056
1.04022
1.04046
1.04121
1.04151
1.04111
1.04046
1.04031
1.03929
1.03938
1.03877
1.03966
1.0393
1.03938
1.03907
1.03942
1.0392
1.03934
1.0393
1.04004
1.03932
1.03883
1.03929
1.03949
1.03949
1.03846
1.0388
1.03896
1.03915
1.03984
1.0399
1.03929
1.03969
1.03983
1.03924
1.03947
1.03949
1.03958
1.03956
1.03956
1.0392
1.03994
1.04007
1.04014
1.04025
1.04012
1.03979
1.03993
1.03909
1.03957
1.03936
1.03926
1.03839
1.03912
1.0391
1.0392
1.03912
1.03901
1.03897
1.0395
1.04048
1.04015
1.04014
1.03969
1.04007
1.03996
1.03987
1.04007
1.0402
1.03974
1.03993
