1.15968
1.12535
1.10702
1.09689
1.08948
1.08489
1.08175
1.07872
1.07663
1.07546
1.07512
1.0744
1.07309
1.07124
1.07117
1.06965
1.06879
1.0682
1.06778
1.06701
1.06629
1.06593
1.06472
1.06422
1.0634
1.06257
1.06199
1.06205
1.06204
1.06173
1.06179
1.06121
1.06078
1.06002
1.05984
1.0601
1.06019
1.05951
1.05965
1.05931
1.05842
1.05879
1.05836
1.05783
1.05751
1.0577
1.05749
1.05702
1.0569
1.05671
1.05677
1.0563
1.05646
1.05647
1.05709
1.05681
1.05681
1.0572
1.05716
1.05654
1.05606
1.05575
1.05617
1.0558
1.05554
1.05537
1.05518
1.05472
1.0545
1.0541
1.05467
1.0546
1.05452
1.0544
1.05418
1.05417
1.05468
1.05473
1.05512
1.05467
1.05531
1.05464
1.05496
1.05434
1.05456
1.05395
1.05384
1.05349
1.05293
1.05353
1.05332
1.05296
1.05339
1.05267
1.053
1.05258
1.05258
1.0532
1.05278
1.05279
1.05252
1.05234
1.05224
1.0523
1.05226
1.05171
1.05168
1.0518
1.05144
1.05183
1.0527
1.0524
1.05299
1.05314
1.0532
1.05257
1.05262
1.05309
1.05294
1.0528
1.05284
1.05242
1.05283
1.05272
1.0517
1.05213
1.05258
1.05255
1.05281
1.05288
1.05241
1.05195
1.05221
1.05235
1.05189
1.05234
1.05261
1.05216
1.05242
1.05237
1.05275
1.05301
1.05215
1.05224
1.05269
1.05242
1.0516
1.05207
1.05188
1.05158
1.05148
1.05126
1.05134
1.05125
1.05116
1.0517
1.05108
1.05066
1.05151
1.05145
1.05194
1.0514
1.05124
1.05138
1.05172
1.05184
1.05273
1.05254
1.05227
1.05209
1.05253
1.05258
1.05209
1.05175
1.05218
1.05146
1.05126
1.05129
1.05157
1.05158
1.05109
1.05109
1.05077
1.05114
1.05105
1.05045
1.0505
1.05049
1.05054
1.05056
1.051
1.05136
1.05151
1.05155
1.05132
1.05186
1.05231
1.05214
1.05195
1.05126
