1.17088
1.11616
1.09676
1.08739
1.08151
1.07629
1.07295
1.06989
1.06789
1.06612
1.06528
1.06469
1.06341
1.06246
1.06116
1.06078
1.06054
1.05977
1.05841
1.05753
1.05718
1.05672
1.05607
1.05565
1.05601
1.05529
1.05576
1.05566
1.05428
1.0541
1.05397
1.05445
1.05439
1.05452
1.05422
1.05409
1.05345
1.05297
1.0525
1.05162
1.05214
1.05219
1.05243
1.05144
1.05132
1.0509
1.05059
1.05028
1.04963
1.04955
1.04946
1.04909
1.04914
1.04934
1.04929
1.04967
1.04879
1.04882
1.04853
1.04826
1.0486
1.04837
1.04797
1.04725
1.04787
1.04788
1.04816
1.04716
1.04713
1.04689
1.04689
1.04697
1.0465
1.04672
1.04633
1.04559
1.04623
1.04608
1.04538
1.04603
1.04579
1.04608
1.0452
1.04573
1.04534
1.04442
1.04379
1.04409
1.0439
1.04383
1.04328
1.04312
1.04307
1.04314
1.04367
1.04433
1.04345
1.04369
1.04321
1.04273
1.04284
1.0424
1.04317
1.04351
1.04242
1.04285
1.04285
1.04239
1.04251
1.04256
1.04262
1.04218
1.04169
1.04215
1.04162
1.04189
1.04119
1.04153
1.0413
1.04176
1.04183
1.0414
1.04129
1.04171
1.04149
1.04099
1.04103
1.04066
1.04092
1.0413
1.04074
1.04095
1.04078
1.04134
1.04164
1.04144
1.04066
1.04061
1.04071
1.04036
1.04011
1.04019
1.04002
1.03989
1.04021
1.04108
1.04117
1.04074
1.04044
1.04028
1.04114
1.0408
1.0404
1.03975
1.03957
1.03971
1.03976
1.03997
1.03968
1.04052
1.04013
1.04001
1.04005
1.04038
1.04082
1.04065
1.04003
1.04013
1.03976
1.03983
1.04
1.0403
1.04035
1.03939
1.03952
1.04012
1.04036
1.04008
1.03904
1.03934
1.03931
1.03897
1.03876
1.03843
1.03895
1.03954
1.03916
1.03891
1.03905
1.03909
1.03881
1.03919
1.03954
1.03939
1.03926
1.03878
1.03894
1.03841
1.03838
1.03916
