1.17284
1.11678
1.09731
1.08724
1.08125
1.07689
1.0737
1.06998
1.06913
1.06708
1.06555
1.06405
1.06329
1.06135
1.06091
1.06041
1.05955
1.05889
1.05858
1.05726
1.05716
1.05655
1.05605
1.05578
1.05533
1.05412
1.05353
1.05278
1.05303
1.05238
1.05261
1.05291
1.05166
1.05086
1.05025
1.05096
1.04997
1.05052
1.0498
1.05053
1.04987
1.04915
1.04859
1.04852
1.04863
1.04855
1.04794
1.04902
1.04953
1.04879
1.04752
1.04717
1.04769
1.04736
1.04649
1.04649
1.04569
1.04577
1.04656
1.04615
1.04608
1.04621
1.04509
1.04499
1.04485
1.04532
1.0453
1.04485
1.04508
1.04474
1.04402
1.04436
1.04361
1.04388
1.04388
1.04414
1.04454
1.04355
1.0436
1.0439
1.04436
1.04387
1.04365
1.04328
1.0429
1.04305
1.04271
1.0427
1.04283
1.04338
1.04378
1.04361
1.04326
1.04261
1.04328
1.04294
1.04288
1.04219
1.04211
1.04256
1.04184
1.04163
1.04242
1.04226
1.04166
1.04171
1.04148
1.04173
1.04241
1.0422
1.04134
1.04171
1.04236
1.04226
1.0416
1.04098
1.04108
1.04126
1.0415
1.04055
1.04106
1.04006
1.04023
1.04022
1.0409
1.04021
1.0404
1.04026
1.04057
1.04171
1.04154
1.04123
1.04056
1.04001
1.04018
1.04034
1.04032
1.04043
1.04007
1.0404
1.04029
1.04069
1.04056
1.04057
1.04037
1.04052
1.04043
1.03998
1.04008
1.04016
1.04051
1.03998
1.04002
1.04014
1.04022
1.0398
1.04001
1.04049
1.03974
1.03989
1.0401
1.03888
1.03847
1.0386
1.03804
1.03859
1.03879
1.03895
1.0384
1.03851
1.0386
1.03981
1.03979
1.03954
1.03933
1.03902
1.03925
1.03893
1.03919
1.0391
1.03914
1.0387
1.03933
1.03962
1.03962
1.03912
1.03937
1.03884
1.03839
1.0391
1.03908
1.03843
1.03863
1.03837
1.03935
1.03891
1.03847
1.03814
1.03913
1.03925
