1.18082
1.15325
1.13842
1.12712
1.11813
1.11055
1.10614
1.10169
1.09871
1.09472
1.09135
1.0888
1.08616
1.08341
1.08228
1.08044
1.07977
1.07791
1.07662
1.07577
1.0743
1.07366
1.07315
1.0722
1.07174
1.07127
1.07056
1.07015
1.06982
1.06905
1.0687
1.06828
1.06783
1.06724
1.06749
1.06704
1.06645
1.06585
1.06484
1.06468
1.06465
1.06411
1.0639
1.06371
1.06391
1.06443
1.06404
1.06349
1.06319
1.06232
1.06243
1.06185
1.06219
1.06203
1.06164
1.06133
1.06126
1.06133
1.06139
1.06113
1.0607
1.06048
1.06062
1.06
1.06006
1.05978
1.05938
1.05946
1.05921
1.05864
1.05793
1.05754
1.05742
1.05737
1.057
1.0569
1.05681
1.05718
1.05729
1.05664
1.05651
1.05619
1.05679
1.05687
1.05664
1.05611
1.05584
1.0559
1.0562
1.05598
1.05562
1.05542
1.05535
1.05516
1.05522
1.0551
1.05503
1.05457
1.05474
1.05487
1.05457
1.0547
1.05488
1.05456
1.05451
1.05409
1.05417
1.05417
1.05413
1.0538
1.05412
1.05379
1.05323
1.05329
1.05321
1.05329
1.05272
1.05256
1.05274
1.05267
1.05264
1.05264
1.05251
1.05214
1.05243
1.05183
1.05206
1.0522
1.05183
1.05202
1.05189
1.05196
1.05225
1.05209
1.05176
1.05167
1.0519
1.05192
1.05178
1.05169
1.05118
1.05103
1.05064
1.05041
1.05062
1.05052
1.05002
1.04983
1.05013
1.0501
1.05008
1.05028
1.05042
1.05079
1.05058
1.04994
1.05005
1.05034
1.05052
1.05002
1.05044
1.04972
1.05003
1.04982
1.05023
1.04979
1.04977
1.04962
1.04998
1.04981
1.04969
1.04939
1.04972
1.04998
1.04998
1.05001
1.04974
1.0496
1.04972
1.04923
1.04908
1.04914
1.04893
1.04899
1.04891
1.04862
1.04864
1.04853
1.04847
1.04857
1.04853
1.04867
1.04878
1.04875
1.04869
1.04871
1.04868
1.04849
1.04866
1.04835
