1.17334
1.11544
1.09672
1.08781
1.0821
1.07845
1.07584
1.074
1.07014
1.06895
1.06702
1.06475
1.06309
1.06237
1.06151
1.06089
1.05952
1.05825
1.05748
1.05776
1.05733
1.05684
1.05561
1.05548
1.05514
1.05494
1.05394
1.05355
1.05377
1.05336
1.05265
1.05256
1.05277
1.05269
1.05173
1.05112
1.05088
1.05064
1.05114
1.0517
1.05066
1.05076
1.05062
1.05017
1.04915
1.04941
1.04941
1.04926
1.0494
1.04933
1.04998
1.04988
1.04919
1.04968
1.04969
1.04918
1.04877
1.04836
1.04781
1.04782
1.04747
1.04778
1.04763
1.04763
1.04717
1.04705
1.04778
1.04673
1.04706
1.04665
1.04644
1.04635
1.04627
1.04656
1.04662
1.04591
1.04562
1.04558
1.04539
1.04538
1.04571
1.04518
1.04522
1.04526
1.04581
1.04483
1.0448
1.04525
1.04546
1.04507
1.0451
1.04528
1.04533
1.04561
1.04455
1.04459
1.04521
1.04512
1.0446
1.04446
1.04453
1.04391
1.04377
1.04359
1.04387
1.04432
1.04484
1.0439
1.04387
1.04373
1.04414
1.04402
1.04366
1.04407
1.04393
1.04403
1.04402
1.04412
1.04405
1.04383
1.04354
1.04349
1.04314
1.04364
1.04368
1.04393
1.04437
1.0442
1.04364
1.04455
1.0441
1.04439
1.04357
1.04355
1.04394
1.04313
1.04294
1.0433
1.04344
1.04334
1.04322
1.04317
1.04311
1.0426
1.04252
1.04273
1.0427
1.04237
1.04227
1.04277
1.04294
1.04228
1.04249
1.04348
1.04361
1.04298
