1.15423
1.10538
1.0904
1.08299
1.07821
1.07458
1.07335
1.07159
1.07114
1.0703
1.0702
1.06951
1.06893
1.06811
1.06859
1.0675
1.06664
1.06647
1.0662
1.06622
1.06586
1.06599
1.06625
1.06593
1.06594
1.06558
1.06659
1.0663
1.06479
1.06536
1.06507
1.06492
1.06435
1.06384
1.06427
1.06406
1.06471
1.06438
1.06328
1.0628
1.06343
1.0632
1.06447
1.06467
1.06521
1.06496
1.06502
1.06478
1.06486
1.06475
1.06536
1.06558
1.06468
1.0646
1.06469
1.06435
1.06479
1.06495
1.06415
1.06445
1.06455
1.06549
1.06509
1.06539
1.06481
1.0642
1.06465
1.06509
1.0648
1.0648
1.06486
1.06571
1.06494
1.06592
1.06451
1.06498
1.06565
1.06451
1.06422
1.06441
1.06368
1.06371
1.06362
1.06365
1.06439
1.06526
1.06522
1.06621
1.06581
1.06636
1.06498
1.0648
1.06471
1.06489
1.06447
1.06508
1.06551
1.06421
1.06548
1.06542
1.06551
1.06564
1.06526
1.06532
1.06507
1.06445
1.06552
1.06584
1.06649
1.06561
1.06564
1.0657
1.06564
1.06564
1.06619
1.06516
1.06591
1.06585
1.06569
1.06622
1.06567
1.06564
1.06634
1.066
1.06631
1.06566
1.06541
1.06589
1.0665
1.0657
1.06577
1.06652
1.06685
1.06607
1.06699
1.0666
1.06705
1.06682
1.06548
1.06559
1.06572
1.06594
1.06694
1.06629
1.06631
1.06694
1.06715
1.06687
1.06702
1.06639
1.06605
1.06591
1.06531
1.06657
1.06619
1.06636
1.06643
1.06602
1.06602
1.0657
1.06569
1.06749
1.0673
1.06679
1.06688
1.06641
1.06638
1.06582
1.06552
1.06585
1.06561
1.06593
1.06643
1.06589
1.06634
1.06663
1.06741
1.06681
1.06762
1.06713
1.06749
1.06767
1.06757
1.0674
1.06768
1.06861
1.06805
1.06836
1.06805
1.06823
1.06779
1.0672
1.06778
1.06739
1.06737
1.06789
1.06731
1.06729
1.06694
1.06722
