1.16182
1.13886
1.12366
1.11437
1.10667
1.10155
1.09655
1.0933
1.09143
1.08879
1.08606
1.08359
1.08196
1.08094
1.07958
1.07921
1.07833
1.07662
1.07545
1.07432
1.07418
1.07339
1.07264
1.0716
1.07143
1.07077
1.07078
1.07042
1.06988
1.06987
1.06906
1.06894
1.0682
1.068
1.06792
1.06747
1.06684
1.06645
1.06655
1.06611
1.06584
1.0654
1.06475
1.06442
1.06445
1.06417
1.06405
1.06432
1.06382
1.06371
1.06331
1.06323
1.0625
1.0624
1.06195
1.06167
1.06192
1.06206
1.06204
1.06177
1.06123
1.06095
1.06092
1.06066
1.06007
1.06022
1.05985
1.06014
1.06001
1.0599
1.06036
1.06009
1.0602
1.06052
1.06067
1.0607
1.06016
1.06005
1.05922
1.05897
1.05917
1.0589
1.05923
1.05909
1.05897
1.05869
1.05871
1.05844
1.05823
1.05768
1.05764
1.05751
1.05782
1.05795
1.05775
1.05754
1.05751
1.05729
1.05739
1.05759
1.05741
1.05797
1.05791
1.05748
1.05706
1.05716
1.05694
1.05682
1.05678
1.05642
1.05633
