1.16247
1.13961
1.12375
1.1143
1.10809
1.10314
1.09808
1.09493
1.09198
1.09049
1.08884
1.08651
1.08565
1.084
1.08373
1.08178
1.08091
1.07939
1.07844
1.07731
1.07662
1.07592
1.07556
1.0756
1.07508
1.07469
1.0749
1.07549
1.07496
1.07459
1.07463
1.07318
1.07213
1.0717
1.07136
1.07101
1.07122
1.07087
1.07038
1.07054
1.07023
1.07071
1.0709
1.06968
1.06993
1.0695
1.06942
1.06866
1.06844
1.06807
1.06853
1.06813
1.06848
1.06831
1.06776
1.06744
1.0679
1.06757
1.06772
1.06791
1.06802
1.06759
1.06797
1.06792
1.06779
1.0675
1.06756
1.06675
1.06673
1.06666
1.06649
1.06662
1.06688
1.06678
1.06637
1.06681
1.06679
1.06645
1.06638
1.06635
1.06634
1.06702
1.06701
1.0666
1.06661
1.06645
1.06599
1.06573
1.0655
1.06483
1.06478
1.0648
1.06494
1.06527
1.06516
1.06492
1.06516
1.06438
1.06444
1.06459
1.06495
1.06517
1.06484
1.06483
1.06494
1.06488
1.0648
1.06514
1.06527
1.0646
1.06458
1.06471
1.06485
1.06508
1.06485
1.06526
1.06525
1.06576
1.06529
1.06504
1.06514
1.065
1.06522
1.06503
1.06521
1.06502
1.06479
1.06433
